1160915280
1160915400
1160915528
1160915648
1160915768
1160915896
1160916016
1160916136
1160916256
1160916384
1160916504
1160916624
1160916744
1160916872
1160916992
1160917112
1160917232
1160917480
1160917600
1160917720
1160917840
1160917968
1160918088
1160918208
1160918336
1160918456
1160918576
1160918696
1160918816
1160918944
1160919064
1160919184
1160919304
1160919432
1160919552
1160919672
1160919792
1160919920
1160920040
1160920160
1160920280
1160920408
1160920528
1160920648
1160920768
1160920896
1160921016
1160921384
1160921504
1160921624
1160921752
1160921872
1160921992
1160922112
1160922360
1160922480
1160922600
1160922728
1160922848
1160923216
1160923336
1160923456
1160923576
1160923704
1160923824
1160923944
1160924064
1160924184
1160924312
1160924432
1160924552
1160924672
1160924800
1160924920
1160925040
1160925160
1160925288
1160925408
1160925528