1160930288
1160930408
1160930536
1160930656
1160930776
1160930896
1160931016
1160931144
1160931264
1160931384
1160931504
1160931632
1160931752
1160931872
1160931992
1160932120
1160932240
1160932360
1160932480
1160932608
1160932728
1160932848
1160932968
1160933096
1160933216
1160933336
1160933456
1160933584
1160933704
1160933824
1160933944
1160934072
1160934192
1160934312
1160934440
1160934560
1160934680
1160934800
1160934928
1160935048
1160935168
1160935288
1160935536
1160935656
1160935776
1160935896
1160936024
1160936144
1160936264
1160936384
1160936512
1160936632
1160936752
1160936872
1160937000
1160937120
1160937240
1160937608
1160937728
1160937848
1160937976
1160938096
1160938216
1160938344
1160938464
1160938584
1160938704
1160938832
1160938952
1160939072
1160939312
1160939440
1160939560
1160939680
1160939800
1160939928
1160940048
1160940168
1160940288
1160940416
1160940536
1160940656
1160940784
1160940904
1160941024
1160941144
1160941272
1160941392
1160941512
1160941632
1160941760
1160941880
1160942000
1160942120
1160942248
1160942368
1160942608