1160758328
1160758448
1160758688
1160758816
1160758936
1160759056
1160759184
1160759424
1160759544
1160759672
1160759792
1160759912
1160760032
1160760152
1160760280
1160760400
1160760520
1160760640
1160760768
1160760888
1160761008
1160761128
1160761256
1160761376
1160761496
1160761616
1160761744
1160761864
1160762104
1160762232
1160762352
1160762472
1160762600
1160762720
1160762840
1160762960
1160763088
1160763208
1160763328
1160763448
1160763576
1160763696
1160763816
1160763936
1160764056
1160764184
1160764304
1160764424
1160764544
1160764672
1160764792
1160764912
1160765160
1160765280
1160765400
1160765528
1160765648
1160765768
1160765888
1160766016
1160766136
1160766256
1160766376
1160766504
1160766624
1160766744
1160766992
1160767112
1160767232
1160767352
1160767472
1160767600
1160767720
1160767840
1160768088
1160768328
1160768456
1160768576
1160768696
1160768944
1160769064
1160769184
1160769304
1160769424
1160769552
1160769672
1160769792
1160769912
1160770040
1160770160
1160770280