1160742952
1160743072
1160743200
1160743320
1160743440
1160743560
1160743688
1160743808
1160743928
1160744048
1160744176
1160744296
1160744416
1160744536
1160744664
1160744784
1160744904
1160745024
1160745152
1160745272
1160745392
1160745520
1160745640
1160745760
1160745880
1160746008
1160746128
1160746248
1160746368
1160746496
1160746616
1160746736
1160746856
1160747104
1160747224
1160747344
1160747472
1160747592
1160747712
1160747832
1160747952
1160748080
1160748200
1160748320
1160748440
1160748568
1160748688
1160748808
1160748928
1160749056
1160749176
1160749296
1160749416
1160749544
1160749664
1160749784
1160749912
1160750032
1160750152
1160750272
1160750392
1160750520
1160750640
1160750760
1160750880
1160751008
1160751128
1160751248
1160751368
1160751496
1160751616
1160751736
1160751856
1160751984
1160752104
1160752224
1160752344
1160752472
1160752592
1160752712
1160752840
1160752960
1160753080
1160753200