1160570624
1160570752
1160570872
1160570992
1160571112
1160571232
1160571360
1160571480
1160571600
1160571728
1160571848
1160571968
1160572088
1160572216
1160572336
1160572456
1160572576
1160572704
1160572824
1160572944
1160573064
1160573184
1160573312
1160573432
1160573552
1160573672
1160573800
1160573920
1160574040
1160574160
1160574288
1160574408
1160574528
1160574656
1160574776
1160574896
1160575016
1160575136
1160575264
1160575384
1160575504
1160575624
1160575752
1160575872
1160575992
1160576112
1160576240
1160576360
1160576480
1160576600
1160576728
1160576848
1160576968
1160577096
1160577216
1160577336
1160577456
1160577584
1160577704
1160577824
1160577944
1160578072
1160578192
1160578312
1160578432
1160578552
1160578680
1160578800
1160578920
1160579048
1160579168
1160579288
1160579408
1160579536
1160579656
1160579776
1160579896
1160580016
1160580144
1160580264
1160580384
1160580504
1160580632
1160580752
1160580872