1161188536
1161188656
1161188784
1161188904
1161189024
1161189144
1161189272
1161189392
1161189512
1161189632
1161189760
1161189880
1161190000
1161190120
1161190248
1161190368
1161190488
1161190608
1161190736
1161190856
1161190976
1161191096
1161191224
1161191344
1161191464
1161191584
1161191712
1161191832
1161191952
1161192200
1161192320
1161192440
1161192560
1161192688
1161192808
1161192928
1161193048
1161193176
1161193296
1161193416
1161193536
1161193664
1161193784
1161193904
1161194024
1161194152
1161194272
1161194392
1161194512
1161194640
1161194760
1161194880
1161195000
1161195128
1161195248
1161195368
1161195488
1161195616
1161195736
1161195976
1161196104
1161196224
1161196344
1161196464
1161196592
1161196712
1161196832
1161196952
1161197320
1161197440
1161197568
1161197808
1161197928
1161198056
1161198176
1161198296
1161198416
1161198544
1161198664
1161198784
1161198904
1161199032
1161199152
1161199272
1161199760
1161199880
1161200008
1161200128
1161200248
1161200368
1161200496
1161200616
1161200736
1161200856
1161200984
1161201104