1161173896
1161174016
1161174144
1161174264
1161174384
1161174504
1161174632
1161174752
1161174872
1161174992
1161175120
1161175240
1161175360
1161175480
1161175608
1161175728
1161175848
1161175968
1161176096
1161176216
1161176336
1161176456
1161176584
1161176704
1161176824
1161176944
1161177072
1161177192
1161177312
1161177432
1161177560
1161177680
1161177800
1161177920
1161178048
1161178168
1161178288
1161178408
1161178536
1161178656
1161178776
1161178896
1161179024
1161179144
1161179264
1161179384
1161179512
1161179632
1161179752
1161180000
1161180120
1161180240
1161180360
1161180488
1161180608
1161180728
1161180848
1161180976
1161181096
1161181216
1161181336
1161181584
1161181704
1161181824
1161181952
1161182072
1161182192
1161182312
1161182440
1161182560
1161182680
1161182800
1161182928
1161183048
1161183416
1161183536
1161183656
1161183776
1161183904
1161184024