1161690736
1161690856
1161690976
1161691096
1161691224
1161691344
1161691464
1161691584
1161691712
1161691832
1161691952
1161692072
1161692200
1161692320
1161692440
1161692560
1161692688
1161692808
1161692928
1161693048
1161693176
1161693296
1161693416
1161693536
1161693664
1161693784
1161693904
1161694024
1161694152
1161694272
1161694392
1161694512
1161694640
1161694880
1161695000
1161695128
1161695248
1161695368
1161695488
1161695616
1161695736
1161695856
1161695976
1161696104
1161696224
1161696344
1161696464
1161696832
1161696952
1161697080
1161697200
1161697320
1161697440
1161697568
1161697688
1161697808
1161697928
1161698056
1161698296
1161698416
1161698544
1161698664
1161698784
1161698904
1161699032
1161699152
1161699272
1161699392
1161699520
1161699640
1161699760
1161699880
1161700008
1161700128
1161700368
1161700496
1161700616
1161700736
1161700856
1161700984