1161102496
1161102616
1161102736
1161102864
1161103104
1161103224
1161103352
1161103472
1161103592
1161103712
1161103840
1161103960
1161104080
1161104200
1161104328
1161104448
1161104568
1161104688
1161104816
1161104936
1161105056
1161105176
1161105304
1161105424
1161105544
1161105664
1161105792
1161105912
1161106032
1161106152
1161106280
1161106400
1161106520
1161106640
1161106768
1161106888
1161107008
1161107128
1161107256
1161107376
1161107496
1161107616
1161107864
1161107984
1161108104
1161108232
1161108352
1161108472
1161108592
1161108720
1161108840
1161108960
1161109080
1161109208
1161109328
1161109448
1161109568
1161109816
1161109936
1161110056
1161110184
1161110304
1161110424
1161110544
1161110672
1161110792
1161110912
1161111032
1161111160
1161111280
1161111400
1161111648
1161111768
1161111888
1161112008
1161112136
1161112256
1161112376
1161112496
1161112624
1161112744
1161112864
1161112984
1161113112
1161113232
1161113352
1161113720
1161113840
1161113960
1161114088
1161114208
1161114328
1161114448
1161114576
1161114696
1161114816
1161114936