1161087736
1161087856
1161087976
1161088096
1161088224
1161088344
1161088464
1161088584
1161088712
1161088832
1161088952
1161089072
1161089200
1161089320
1161089440
1161089560
1161089808
1161089928
1161090048
1161090176
1161090296
1161090416
1161090536
1161090664
1161090784
1161090904
1161091024
1161091152
1161091272
1161091392
1161091512
1161091760
1161091880
1161092000
1161092128
1161092248
1161092368
1161092488
1161092616
1161092736
1161092856
1161092976
1161093104
1161093224
1161093344
1161093592
1161093712
1161093832
1161093952
1161094080
1161094200
1161094320
1161094440
1161094568
1161094688
1161094808
1161094928
1161095056
1161095176
1161095544
1161095664
1161095784
1161095904
1161096032
1161096152
1161096272
1161096392
1161096520
1161096640
1161096760
1161096880
1161097008
1161097248
1161097368
1161097496
1161097616
1161097736
1161097856