1161863064
1161863184
1161863304
1161863424
1161863552
1161863672
1161863792
1161863912
1161864040
1161864160
1161864280
1161864528
1161864648
1161864768
1161864888
1161865016
1161865136
1161865256
1161865376
1161865504
1161865624
1161865744
1161865864
1161865992
1161866112
1161866232
1161866352
1161866480
1161866600
1161866720
1161866840
1161866968
1161867208
1161867328
1161867456
1161867576
1161867696
1161867816
1161867944
1161868064
1161868184
1161868304
1161868432
1161868552
1161868672
1161868792
1161868920
1161869040
1161869160
1161869280
1161869408
1161869528
1161869648
1161869768
1161869896
1161870016
1161870136
1161870256
1161870384
1161870504
1161870624
1161870744
1161870872
1161870992
1161871112
1161871232
1161871360
1161871480
1161871600
1161871720
1161871848
1161871968
1161872088
1161872208
1161872336
1161872456
1161872576
1161872696
1161872824
1161872944
1161873064
1161873184
1161873312