1162984448
1162984560
1162984672
1162984784
1162984896
1162985008
1162985120
1162985232
1162985344
1162985456
1162985568
1162985680
1162985792
1162985904
1162986016
1162986128
1162986240
1162986352
1162986464
1162986576
1162986688
1162986800
1162986912
1162987024
1162987136
1162987584
1162987696
1162987808
1162987920
1162988032
1162988144
1162988256
1162988368
1162988480
1162988592
1162988704
1162988816
1162988928
1162989376
1162989488
1162989600
1162989712
1162989824
1162989936
1162990048
1162990160
1162990272
1162990384
1162990496
1162990608
1162990720
1162990944
1162991056
1162991168
1162991280
1162991392
1162991504
1162991616
1162991728
1162991840
1162991952
1162992064
1162992176
1162992288
1162992400
1162992512
1162992624
1162992736
1162992848
1162992960
1162993072
1162993184
1162993296
1162993408
1162993520
