1161705736
1161705864
1161705984
1161706104
1161706224
1161706352
1161706472
1161706592
1161706712
1161706840
1161706960
1161707200
1161707328
1161707448
1161707568
1161707688
1161707816
1161707936
1161708056
1161708176
1161708304
1161708424
1161708544
1161708664
1161708792
1161708912
1161709032
1161709152
1161709280
1161709400
1161709520
1161709640
1161709768
1161709888
1161710008
1161710128
1161710256
1161710376
1161710496
1161710616
1161710744
1161710864
1161711104
1161711232
1161711352
1161711472
1161711592
1161711720
1161711840
1161711960
1161712080
1161712208
1161712328
1161712448
1161712568
1161712696
1161712816
1161712936
1161713056
1161713184
1161713304
1161713424
1161713544
1161713672
1161713792
1161713912
1161714032
1161714160
1161714280
1161714400
1161714520
1161714768
1161714888
1161715008
1161715136
1161715256
1161715376
1161715496
1161715624
1161715744
1161715864
1161715984
1161716112
1161716232
1161716352
1161716472
1161716720
1161716840
1161716960
1161717088
1161717208
1161717328
1161717448
1161717576
1161717696
1161717816
1161717936
1161718064