1161533288
1161533408
1161533536
1161533656
1161533776
1161533896
1161534024
1161534144
1161534264
1161534384
1161534512
1161534632
1161534752
1161534872
1161535000
1161535120
1161535240
1161535360
1161535488
1161535608
1161535728
1161535848
1161535976
1161536096
1161536216
1161536336
1161536464
1161536584
1161536824
1161536952
1161537072
1161537192
1161537312
1161537440
1161537560
1161537680
1161537800
1161537928
1161538048
1161538168
1161538288
1161538416
1161538776
1161538904
1161539024
1161539144
1161539264
1161539392
1161539512
1161539632
1161539752
1161539880
1161540000
1161540120
1161540240
1161540368
1161540488
1161540608
1161540728
1161540856
1161540976
1161541096
1161541216
1161541344
1161541464
1161541584
1161541704
1161541832
1161541952
1161542072
1161542192
1161542440
1161542560
1161542680
1161542808
1161542928
1161543048
1161543168
1161543296
1161543416
1161543536
1161543656
1161543784
1161543904
1161544024
1161544272
1161544392
1161544512
1161544632
1161544760
1161544880
1161545000
1161545120
1161545248
1161545368
1161545488
1161545608
1161545736