1161877944
1161878064
1161878192
1161878312
1161878432
1161878552
1161878680
1161878800
1161878920
1161879040
1161879168
1161879288
1161879408
1161879528
1161879656
1161879776
1161879896
1161880016
1161880144
1161880264
1161880384
1161880504
1161880632
1161880752
1161880872
1161880992
1161881120
1161881240
1161881480
1161881608
1161881728
1161881848
1161881968
1161882096
1161882216
1161882336
1161882456
1161882584
1161882704
1161882824
1161882944
1161883072
1161883312
1161883432
1161883560
1161883680
1161883800
1161883920
1161884048
1161884168
1161884288
1161884408
1161884536
1161884656
1161884776
1161884896
1161885024
1161885144
1161885264
1161885384
1161885512
1161885632
1161885752
1161885872
1161886000
1161886120
1161886240
1161886360
1161886488
1161886608
1161886728
1161886848
1161887216
1161887336
1161887464
1161887584
1161887704
1161887824
1161887952
1161888072
1161888192
1161888312
1161888440
1161888560
1161888680
1161888800
1161889168
1161889288
1161889416
1161889536
1161889656
1161889776
1161889904
1161890024
1161890144
1161890264
1161890392