1163589504
1163589728
1163589840
1163589952
1163590064
1163590176
1163590288
1163590400
1163590512
1163590624
1163590736
1163590848
1163590960
1163591072
1163591184
1163591296
1163591408
1163591520
1163591632
1163591744
1163591856
1163591968
1163592080
1163592192
1163592304
1163592416
1163592528
1163592640
1163592752
1163592864
1163592976
1163593088
1163593200
1163593312
1163593424
1163593536
1163593648
1163593760
1163593872
1163593984
1163594096
1163594208
1163594320
1163594432
1163594544
1163594656
1163594768
1163594880
1163594992
1163595104
1163595216
1163595328
1163595440
1163595552
1163595664
1163595776
1163595888
1163596000
1163596112
1163596224
1163596336
1163596448
1163596560
1163596672
