1160585384
1160585512
1160585632
1160585752
1160585872
1160586000
1160586120
1160586240
1160586360
1160586488
1160586608
1160586728
1160586848
1160586976
1160587096
1160587216
1160587344
1160587464
1160587584
1160587704
1160587832
1160587952
1160588072
1160588192
1160588312
1160588440
1160588560
1160588680
1160588800
1160589168
1160589288
1160589416
1160589536
1160589784
1160589904
1160590024
1160590144
1160590392
1160590512
1160590632
1160591120
1160591248
1160591368
1160591608
1160591736
1160591856
1160591976
1160592096
1160592216
1160592344
1160592464
1160592584
1160592832
1160592952
1160593072
1160593200
1160593320
1160593440
1160593680
1160593808
1160593928
1160594048
1160594168
1160594296
1160594416
1160594784
1160594904
1160595024
1160595152
1160595272
1160595392
1160595512
1160595632
1160595760
1160595880
1160596000
1160596120
1160596248
1160596368
1160596488
1160596608
1160596736
1160596856
1160596976
1160597096
1160597224
1160597344
1160597464
1160597584
1160597712
1160597832
1160597952