1161518528
1161518648
1161518896
1161519016
1161519136
1161519256
1161519384
1161519504
1161519624
1161519744
1161519872
1161519992
1161520112
1161520232
1161520360
1161520480
1161520600
1161520720
1161520848
1161520968
1161521088
1161521208
1161521336
1161521456
1161521576
1161521696
1161521824
1161521944
1161522184
1161522312
1161522432
1161522552
1161522672
1161522800
1161522920
1161523040
1161523160
1161523288
1161523408
1161523528
1161523648
1161523776
1161523896
1161524136
1161524264
1161524384
1161524504
1161524624
1161524752
1161524872
1161524992
1161525112
1161525240
1161525360
1161525480
1161525728
1161525848
1161525968
1161526216
1161526336
1161526456
1161526576
1161526704
1161526824
1161526944
1161527064
1161527192
1161527312
1161527432
1161527552
1161527680
1161527800
1161527920
1161528040
1161528168
1161528288
1161528408
1161528528
1161528656