1163416616
1163416728
1163416840
1163416952
1163417064
1163417176
1163417288
1163417400
1163417512
1163417624
1163417736
1163417848
1163418072
1163418184
1163418296
1163418408
1163418520
1163418632
1163418744
1163418856
1163418968
1163419080
1163419192
1163419304
1163419416
1163419528
1163419640
1163419752
1163419864
1163419976
1163420088
1163420200
1163420312
1163420424
1163420536
1163420648
1163420760
1163420872
1163420984
1163421096
1163421208
1163421320
1163421432
1163421544
1163421656
1163421768
1163421880
1163421992
1163422104
1163422216
1163422328
1163422440
1163422552
1163422664
1163422776
1163422888
1163423000
1163423112
1163423224
1163423336
1163423448
1163423560
1163423672
1163423784
1163423896
1163424008
1163424120
1163424232
1163424344
